7.450000000000001066e-01
7.450000000000001066e-01
7.450000000000001066e-01
7.450000000000001066e-01
7.450000000000001066e-01
7.601999999999996538e-01
7.738000000000001544e-01
7.738000000000001544e-01
7.738000000000001544e-01
7.738000000000001544e-01
7.809999999999999165e-01
7.920000000000000373e-01
7.989999999999997105e-01
7.989999999999997105e-01
7.989999999999997105e-01
7.907999999999999474e-01
8.143999999999999018e-01
8.352000000000000535e-01
8.444000000000000394e-01
8.444000000000000394e-01
8.038000000000001810e-01
8.316000000000000059e-01
8.432000000000000606e-01
8.399999999999999689e-01
8.347999999999998755e-01
8.161999999999999256e-01
8.364000000000000323e-01
8.220000000000000639e-01
8.101999999999999202e-01
8.079999999999998295e-01
8.242000000000000437e-01
8.224000000000001309e-01
8.095999999999999863e-01
8.040000000000000480e-01
7.945999999999999730e-01
8.128000000000001890e-01
8.098000000000000753e-01
7.925999999999999712e-01
7.872000000000001219e-01
7.792000000000002258e-01
8.011999999999998012e-01
7.937999999999998391e-01
7.832000000000001183e-01
7.723999999999999755e-01
7.677999999999999270e-01
7.964000000000002188e-01
7.858000000000000540e-01
7.761999999999998900e-01
7.731999999999997764e-01
7.703999999999998627e-01
7.891999999999999016e-01
7.769999999999999130e-01
7.752000000000001112e-01
7.731999999999998874e-01
7.715999999999998415e-01
7.785999999999999588e-01
7.733999999999999764e-01
7.721999999999998865e-01
7.726000000000002865e-01
7.724000000000000865e-01
7.747999999999998222e-01
7.790000000000001368e-01
7.788000000000000478e-01
7.792000000000001148e-01
7.798000000000000487e-01
7.770000000000000240e-01
7.806000000000000716e-01
7.808000000000000496e-01
7.822000000000000064e-01
7.834000000000000963e-01
7.775999999999999579e-01
7.792000000000001148e-01
7.812000000000000055e-01
7.824000000000000954e-01
7.824000000000000954e-01
7.775999999999999579e-01
7.798000000000001597e-01
7.816000000000001835e-01
7.816000000000001835e-01
7.816000000000001835e-01
7.762000000000002231e-01
7.778000000000000469e-01
7.790000000000001368e-01
7.790000000000001368e-01
7.788000000000000478e-01
7.753999999999999782e-01
7.774000000000002020e-01
7.774000000000002020e-01
7.772000000000001130e-01
7.768000000000000460e-01
7.752000000000000002e-01
7.766000000000000680e-01
7.763999999999999790e-01
7.759999999999999121e-01
7.757999999999999341e-01
7.766000000000000680e-01
7.763999999999999790e-01
7.759999999999999121e-01
7.757999999999999341e-01
7.755999999999998451e-01
