7.329999999999997629e-01
7.329999999999997629e-01
7.329999999999997629e-01
7.329999999999997629e-01
7.329999999999997629e-01
7.462000000000001965e-01
7.646000000000000574e-01
7.646000000000000574e-01
7.646000000000000574e-01
7.646000000000000574e-01
7.567999999999999172e-01
7.699999999999999067e-01
7.744000000000004214e-01
7.744000000000004214e-01
7.744000000000004214e-01
7.709999999999997966e-01
7.805999999999998495e-01
7.897999999999998355e-01
7.986000000000000876e-01
7.986000000000000876e-01
7.831999999999998963e-01
7.945999999999999730e-01
8.077999999999999625e-01
8.167999999999995264e-01
8.272000000000000464e-01
7.895999999999998575e-01
8.079999999999999405e-01
8.246000000000001107e-01
8.355999999999995653e-01
8.394000000000000350e-01
7.975999999999999757e-01
8.154000000000000137e-01
8.349999999999999645e-01
8.348000000000000975e-01
8.292000000000000481e-01
8.017999999999998462e-01
8.245999999999998886e-01
8.327999999999999847e-01
8.189999999999998392e-01
8.047999999999998488e-01
8.080000000000001625e-01
8.232000000000001538e-01
8.099999999999999423e-01
7.920000000000000373e-01
7.858000000000001650e-01
8.151999999999997026e-01
8.055999999999997607e-01
7.953999999999999959e-01
7.844000000000002082e-01
7.797999999999999376e-01
8.109999999999999432e-01
7.993999999999999995e-01
7.857999999999999430e-01
7.763999999999999790e-01
7.720000000000000195e-01
8.052000000000000268e-01
7.811999999999998945e-01
7.711999999999999966e-01
7.701999999999999957e-01
7.650000000000000133e-01
7.867999999999999439e-01
7.743999999999998662e-01
7.679999999999997939e-01
7.637999999999999234e-01
7.600000000000001199e-01
7.735999999999999543e-01
7.690000000000002389e-01
7.600000000000001199e-01
7.552000000000002045e-01
7.503999999999999559e-01
7.683999999999998609e-01
7.607999999999999208e-01
7.530000000000001137e-01
7.481999999999999762e-01
7.471999999999999753e-01
7.631999999999997675e-01
7.555999999999999384e-01
7.497999999999999110e-01
7.483999999999999542e-01
7.473999999999998423e-01
7.602000000000000979e-01
7.551999999999998714e-01
7.492000000000000881e-01
7.481999999999998652e-01
7.476000000000001533e-01
7.583999999999998520e-01
7.496000000000001551e-01
7.469999999999999973e-01
7.466000000000001524e-01
7.461999999999998634e-01
7.530000000000001137e-01
7.457999999999999075e-01
7.448000000000000176e-01
7.448000000000000176e-01
7.453999999999999515e-01
7.463999999999999524e-01
7.428000000000001268e-01
7.439999999999999947e-01
7.434000000000000608e-01
7.440000000000001057e-01
